Date,Open,High,Low,Close,Adj Close,Volume
2020-01-02,9639.099609,9705.400391,9615.099609,9691.200195,9691.200195,142379600
2020-01-03,9631.200195,9650.700195,9581.200195,9646.599609,9646.599609,135130000
2020-01-06,9585.400391,9618.200195,9492.700195,9600.900391,9600.900391,103520400
2020-01-07,9623.099609,9657.900391,9557.900391,9579.799805,9579.799805,133476100
2020-01-08,9535.099609,9604.299805,9520.299805,9591.400391,9591.400391,133957600
2020-01-09,9629.200195,9644.799805,9573.799805,9581.799805,9581.799805,151793500
2020-01-10,9611.299805,9623.599609,9557.900391,9573.599609,9573.599609,132894500
2020-01-13,9586.599609,9586.599609,9507.400391,9543.900391,9543.900391,124149000
2020-01-14,9548.099609,9548.400391,9466.000000,9528.299805,9528.299805,143774600
2020-01-15,9521.200195,9530.200195,9475.000000,9511.700195,9511.700195,161995000
2020-01-16,9516.700195,9579.500000,9481.599609,9572.500000,9572.500000,133841500
2020-01-17,9616.099609,9709.900391,9611.299805,9681.299805,9681.299805,159823200
2020-01-20,9676.599609,9680.900391,9623.099609,9658.799805,9658.799805,99959200
2020-01-21,9593.400391,9620.700195,9550.000000,9611.299805,9611.299805,126448800
2020-01-22,9622.000000,9632.799805,9557.000000,9573.700195,9573.700195,134567800
2020-01-23,9549.400391,9604.700195,9499.299805,9518.500000,9518.500000,169141000
2020-01-24,9576.799805,9639.900391,9552.500000,9562.000000,9562.000000,154731100
2020-01-27,9447.099609,9482.799805,9357.799805,9366.299805,9366.299805,164515500
2020-01-28,9401.799805,9488.000000,9363.799805,9484.200195,9484.200195,154919400
2020-01-29,9532.700195,9574.299805,9510.700195,9546.700195,9546.700195,187145800
2020-01-30,9460.799805,9528.400391,9439.299805,9477.900391,9477.900391,164094200
2020-01-31,9519.299805,9545.099609,9365.099609,9367.900391,9367.900391,303553700
2020-02-03,9404.400391,9431.599609,9361.500000,9404.700195,9404.700195,168665700
2020-02-04,9465.900391,9577.299805,9462.400391,9562.900391,9562.900391,174133900
2020-02-05,9553.400391,9721.900391,9540.200195,9717.799805,9717.799805,221922900
2020-02-06,9767.099609,9816.200195,9757.000000,9811.299805,9811.299805,248416700
2020-02-07,9789.299805,9816.200195,9761.799805,9811.000000,9811.000000,179586900
2020-02-10,9790.599609,9820.400391,9773.500000,9816.000000,9816.000000,132132500
2020-02-11,9863.400391,9884.000000,9817.799805,9882.599609,9882.599609,167628300
2020-02-12,9897.900391,9946.599609,9888.599609,9940.400391,9940.400391,199830200
2020-02-13,9893.900391,9910.099609,9794.299805,9909.799805,9909.799805,161753500
2020-02-14,9910.900391,9969.700195,9905.200195,9956.799805,9956.799805,127061800
2020-02-17,9979.200195,10022.200195,9955.200195,10022.200195,10022.200195,105784200
2020-02-18,9977.400391,10041.500000,9967.799805,10005.799805,10005.799805,184042000
2020-02-19,10042.000000,10100.200195,10020.700195,10083.599609,10083.599609,151866100
2020-02-20,10048.700195,10050.299805,9931.000000,9931.000000,9931.000000,178849000
2020-02-21,9893.000000,9946.400391,9843.500000,9886.200195,9886.200195,194954500
2020-02-24,9649.799805,9676.799805,9459.599609,9483.500000,9483.500000,256063800
2020-02-25,9507.000000,9518.900391,9248.000000,9250.799805,9250.799805,263346200
2020-02-26,9213.000000,9362.799805,9030.700195,9316.799805,9316.799805,299256300
2020-02-27,9182.200195,9204.400391,8877.400391,8985.900391,8985.900391,341792600
2020-02-28,8748.099609,8818.599609,8582.700195,8723.200195,8723.200195,497983900
2020-03-02,8910.200195,8913.500000,8541.099609,8741.500000,8741.500000,355485000
2020-03-03,8860.200195,9014.299805,8776.400391,8811.599609,8811.599609,351219900
2020-03-04,8827.799805,8963.700195,8745.900391,8910.000000,8910.000000,321258300
2020-03-05,8960.799805,8962.500000,8639.900391,8683.000000,8683.000000,342803500
2020-03-06,8532.599609,8542.000000,8310.400391,8375.599609,8375.599609,345901100
2020-03-09,7884.000000,8022.899902,7621.399902,7708.700195,7708.700195,598769200
2020-03-10,7815.600098,8007.700195,7440.600098,7461.500000,7461.500000,506034000
2020-03-11,7589.299805,7717.100098,7364.600098,7436.399902,7436.399902,369150100
2020-03-12,7040.799805,7077.700195,6347.000000,6390.899902,6390.899902,723609100
2020-03-13,6763.700195,7140.500000,6468.299805,6629.600098,6629.600098,473165800
2020-03-16,6331.000000,6362.500000,5814.500000,6107.200195,6107.200195,583614700
2020-03-17,6444.500000,6557.299805,6083.000000,6498.500000,6498.500000,388451800
2020-03-18,6370.500000,6524.200195,6174.100098,6274.799805,6274.799805,398609500
2020-03-19,6368.200195,6506.399902,6228.299805,6395.799805,6395.799805,346225500
2020-03-20,6645.399902,6769.899902,6371.100098,6443.299805,6443.299805,486796200
2020-03-23,6223.700195,6472.000000,6148.000000,6230.200195,6230.200195,282033200
2020-03-24,6433.299805,6717.299805,6403.600098,6717.299805,6717.299805,301211900
2020-03-25,6985.899902,7058.100098,6625.799805,6942.399902,6942.399902,322631900
2020-03-26,6789.000000,7033.200195,6759.100098,7033.200195,7033.200195,248806600
2020-03-27,6916.700195,6936.700195,6661.899902,6777.899902,6777.899902,225316500
2020-03-30,6748.600098,6789.100098,6507.000000,6659.899902,6659.899902,232005200
2020-03-31,6746.799805,6802.000000,6624.700195,6785.399902,6785.399902,258181200
2020-04-01,6627.299805,6687.799805,6565.200195,6579.399902,6579.399902,235113700
2020-04-02,6633.700195,6658.899902,6424.500000,6574.100098,6574.100098,233309800
2020-04-03,6563.600098,6632.500000,6509.399902,6581.600098,6581.600098,215387500
2020-04-06,6807.899902,6874.899902,6728.600098,6844.299805,6844.299805,225965400
2020-04-07,6986.899902,7119.100098,6903.600098,7002.000000,7002.000000,260857500
2020-04-08,6930.200195,6952.500000,6860.600098,6951.799805,6951.799805,155910100
2020-04-09,7049.299805,7116.799805,6918.700195,7070.600098,7070.600098,240348600