Date,Open,High,Low,Close,Adj Close,Volume
2020-01-02,3066.335938,3098.100098,3066.335938,3085.197998,3085.197998,292500
2020-01-03,3089.021973,3093.819092,3074.518066,3083.785889,3083.785889,261500
2020-01-06,3070.908936,3107.202881,3065.309082,3083.407959,3083.407959,312600
2020-01-07,3085.488037,3105.450928,3084.329102,3104.802002,3104.802002,276600
2020-01-08,3094.239014,3094.239014,3059.131104,3066.893066,3066.893066,297900
2020-01-09,3082.639893,3097.329102,3080.131104,3094.882080,3094.882080,243400
2020-01-10,3102.293945,3105.225098,3081.395996,3092.291016,3092.291016,210400
2020-01-13,3091.492920,3115.570068,3075.384033,3115.570068,3115.570068,210600
2020-01-14,3120.666992,3127.168945,3105.604980,3106.820068,3106.820068,230000
2020-01-15,3103.169922,3107.939941,3082.040039,3090.040039,3090.040039,202300
2020-01-16,3095.733887,3096.372070,3070.884033,3074.081055,3074.081055,203400
2020-01-17,3081.464111,3091.951904,3067.252930,3075.496094,3075.496094,190300
2020-01-20,3082.113037,3096.311035,3070.479980,3095.787109,3095.787109,210500
2020-01-21,3085.790039,3085.790039,3051.229980,3052.139893,3052.139893,234800
2020-01-22,3038.487061,3069.252930,3006.268066,3060.754883,3060.754883,223900
2020-01-23,3037.951904,3045.041016,2955.345947,2976.528076,2976.528076,272800
2020-02-03,2716.697998,2766.576904,2716.697998,2746.605957,2746.605957,215900
2020-02-04,2685.269043,2786.164063,2685.269043,2783.288086,2783.288086,364000
2020-02-05,2792.371094,2842.742920,2778.864014,2818.087891,2818.087891,309800
2020-02-06,2826.889893,2876.590088,2807.610107,2866.510010,2866.510010,316400
2020-02-07,2858.929932,2875.959961,2838.770020,2875.959961,2875.959961,309500
2020-02-10,2860.499023,2891.847900,2851.050049,2890.488037,2890.488037,294900
2020-02-11,2894.540039,2913.820068,2882.239990,2901.669922,2901.669922,269200
2020-02-12,2895.555908,2926.898926,2892.424072,2926.898926,2926.898926,248700
2020-02-13,2927.144043,2935.406006,2901.242920,2906.073975,2906.073975,274800
2020-02-14,2899.865967,2926.943115,2899.573975,2917.008057,2917.008057,250700
2020-02-17,2924.990967,2983.636963,2924.990967,2983.622070,2983.622070,313200
2020-02-18,2981.409912,2990.600098,2960.774902,2984.971924,2984.971924,311700
2020-02-19,2979.521973,2998.271973,2971.822021,2975.402100,2975.402100,315100
2020-02-20,2981.879883,3031.371094,2968.445068,3030.154053,3030.154053,345700
2020-02-21,3022.246094,3058.897949,3020.141113,3039.668945,3039.668945,364600
2020-02-24,3027.893066,3042.181885,3007.355957,3031.232910,3031.232910,370400
2020-02-25,2982.070068,3016.946045,2943.717041,3013.050049,3013.050049,441600
2020-02-26,2987.928955,2987.928955,2987.928955,2987.928955,2987.928955,0
2020-02-27,2992.489990,3009.459961,2980.479980,2991.330078,2991.330078,350500
2020-02-28,2924.641113,2948.125977,2878.543945,2880.303955,2880.303955,401200
2020-03-02,2899.310059,2982.507080,2899.310059,2970.930908,2970.930908,367300
2020-03-03,3006.888916,3026.842041,2976.623047,2992.896973,2992.896973,410100
2020-03-04,2981.805908,3012.003906,2974.357910,3011.666016,3011.666016,353300
2020-03-05,3036.155029,3074.257080,3022.926025,3071.677002,3071.677002,445400
2020-03-06,3039.939941,3052.444092,3029.462891,3034.510986,3034.510986,362100
2020-03-09,2987.180908,2989.205078,2940.714111,2943.291016,2943.291016,414600
2020-03-10,2918.935059,3000.295898,2904.799072,2996.761963,2996.761963,393300
2020-03-11,3001.761963,3010.029053,2968.517090,2968.517090,2968.517090,352500
2020-03-12,2936.016113,2944.465088,2906.283936,2923.486084,2923.486084,307800
2020-03-13,2804.231934,2910.881104,2799.983887,2887.427002,2887.427002,366500
2020-03-16,2897.301025,2898.034912,2784.662109,2789.253906,2789.253906,351900
2020-03-17,2796.283936,2826.906982,2715.220947,2779.641113,2779.641113,306100
2020-03-18,2792.322021,2815.874023,2728.756104,2728.756104,2728.756104,291200
2020-03-19,2719.406006,2736.820068,2646.804932,2702.129883,2702.129883,302300
2020-03-20,2727.019043,2751.895996,2702.492920,2745.617920,2745.617920,252000
2020-03-23,2677.590088,2703.330078,2656.500000,2660.169922,2660.169922,249800
2020-03-24,2703.019043,2723.406982,2667.133057,2722.437988,2722.437988,257000
2020-03-25,2775.302979,2788.635010,2757.802002,2781.591064,2781.591064,273100
2020-03-26,2761.895996,2788.503906,2753.427979,2764.910889,2764.910889,234100
2020-03-27,2792.983887,2805.548096,2771.756104,2772.202881,2772.202881,240800
2020-03-30,2739.718994,2759.099121,2723.053955,2747.214111,2747.214111,239700
2020-03-31,2767.306885,2771.167969,2743.114990,2750.295898,2750.295898,218600
2020-04-01,2743.541016,2773.364014,2731.079102,2734.521973,2734.521973,217300
2020-04-02,2720.228027,2780.637939,2719.904053,2780.637939,2780.637939,217900
2020-04-03,2773.575928,2780.586914,2754.072998,2763.987061,2763.987061,200800
2020-04-07,2806.968018,2823.277100,2801.839111,2820.762939,2820.762939,270200
2020-04-08,2805.916992,2823.214111,2800.295898,2815.368896,2815.368896,243500
2020-04-09,2825.839111,2832.395020,2820.433105,2825.904053,2825.904053,238200
2020-04-10,2827.187012,2833.014893,2789.976074,2796.631104,2796.631104,233500